0.073625	0.000000	0.000050
0.073625	0.001698	0.000050
0.073625	0.003397	0.000050
0.073625	0.005095	0.000050
0.073625	0.006793	0.000050
0.073625	0.008491	0.000050
0.073625	0.010190	0.000050
0.073625	0.011888	0.000050
0.073625	0.013586	0.000050
0.073625	0.015285	0.000050
0.073625	0.016983	0.000050
0.073625	0.018681	0.000050
0.073625	0.020379	0.000050
0.073625	0.022078	0.000050
0.073625	0.023776	0.000050
0.073625	0.025474	0.000050
0.073625	0.027173	0.000050
0.073625	0.028871	0.000050
0.073625	0.030569	0.000050
0.073625	0.032267	0.000050
0.073625	0.033966	0.000050
0.073625	0.035664	0.000050
0.073633	0.037362	0.000050
0.073641	0.039061	0.000050
0.073650	0.040759	0.000050
0.073659	0.042457	0.000050
0.073669	0.044155	0.000050
0.073678	0.045854	0.000050
0.073626	0.047552	0.000100
0.073631	0.049250	0.000100
0.073636	0.050949	0.000100
0.073642	0.052647	0.000100
0.073648	0.054345	0.000100
0.073628	0.056043	0.000150
0.073633	0.057742	0.000150
0.073637	0.059440	0.000150
0.073628	0.061138	0.000200
0.073632	0.062837	0.000200
0.073627	0.064535	0.000250
0.073630	0.066233	0.000250
0.073628	0.067931	0.000300
0.073627	0.069630	0.000350
0.073627	0.071328	0.000400
0.073627	0.073026	0.000450
0.073626	0.074725	0.000550
0.073626	0.076423	0.000650
0.073625	0.078121	0.000800
0.073625	0.079819	0.001000
0.073625	0.081518	0.001250
0.073625	0.083216	0.001650
0.073626	0.084914	0.001800
0.073628	0.086613	0.001800
0.073630	0.088311	0.001800
0.073632	0.090009	0.001800
0.073634	0.091707	0.001800
0.073636	0.093406	0.001800
0.073638	0.095104	0.001800
0.073640	0.096802	0.001800
0.073642	0.098501	0.001800
0.073644	0.100199	0.001800
0.073646	0.101897	0.001800
0.073648	0.103595	0.001800
0.073650	0.105294	0.001800
0.073651	0.106992	0.001800
0.073653	0.108690	0.001800
0.073655	0.110389	0.001800
0.073657	0.112087	0.001800
0.073659	0.113785	0.001800
0.073661	0.115483	0.001800
0.073663	0.117182	0.001800
0.073665	0.118880	0.001800
0.073667	0.120578	0.001800
0.073669	0.122277	0.001800
0.073671	0.123975	0.001800
0.073673	0.125673	0.001800
0.073675	0.127371	0.001800
0.073677	0.129070	0.001800
0.073679	0.130768	0.001800
0.073681	0.132466	0.001800
0.073683	0.134165	0.001800
0.073685	0.135863	0.001800
0.073687	0.137561	0.001800
0.073689	0.139259	0.001800
0.073691	0.140958	0.001800
0.073693	0.142656	0.001800
0.073694	0.144354	0.001800
0.073696	0.146052	0.001800
0.073698	0.147751	0.001800
0.073700	0.149449	0.001800
0.073702	0.151147	0.001800
0.073704	0.152846	0.001800
0.073706	0.154544	0.001800
0.073708	0.156242	0.001800
0.073710	0.157940	0.001800
0.073712	0.159639	0.001800
0.073714	0.161337	0.001800
0.073716	0.163035	0.001800
0.073718	0.164734	0.001800
0.073720	0.166432	0.001800
0.073722	0.168130	0.001800
0.073724	0.169828	0.001800
0.073726	0.171527	0.001800
0.073728	0.173225	0.001800
0.073730	0.174923	0.001800
0.073732	0.176622	0.001800
0.073734	0.178320	0.001800
0.073737	0.180018	0.001800
0.073739	0.181716	0.001800
0.073741	0.183415	0.001800
0.073743	0.185113	0.001800
0.073745	0.186811	0.001800
0.073747	0.188510	0.001800
0.073749	0.190208	0.001800
0.073751	0.191906	0.001800
0.073753	0.193604	0.001800
0.073755	0.195303	0.001800
0.073757	0.197001	0.001800
0.073759	0.198699	0.001800
0.073761	0.200398	0.001800
0.073763	0.202096	0.001800
0.073765	0.203794	0.001800
0.073767	0.205492	0.001800
0.073769	0.207191	0.001800
0.073771	0.208889	0.001800
0.073774	0.210587	0.001800
0.073755	0.212599	0.001800
0.073695	0.214610	0.001800
0.073594	0.216622	0.001750
0.073451	0.218634	0.001750
0.073266	0.220645	0.001750
0.073039	0.222657	0.001750
0.072770	0.224668	0.001750
0.072458	0.226680	0.001750
0.072104	0.228692	0.001700
0.071705	0.230703	0.001700
0.071262	0.232715	0.001700
0.070776	0.234726	0.001650
0.070243	0.236738	0.001650
0.069663	0.238749	0.001650
0.069038	0.240761	0.001600
0.068364	0.242773	0.001600
0.067641	0.244784	0.001550
0.066867	0.246796	0.001550
0.066043	0.248807	0.001500
0.065164	0.250819	0.001500
0.064232	0.252830	0.001450
0.063244	0.254842	0.001400
0.062196	0.256854	0.001400
0.061089	0.258865	0.001350
0.059919	0.260877	0.001300
0.058683	0.262888	0.001250
0.057387	0.264900	0.000550
0.056035	0.266911	0.000150
0.054633	0.268923	0.000050
0.053213	0.270935	0.000050
0.051805	0.272946	0.000050
0.050396	0.274958	0.000050
0.048988	0.276969	0.000050
0.047587	0.278981	0.000050
0.046285	0.280993	0.000050
0.045100	0.283004	0.000050
0.044024	0.285016	0.000050
0.043051	0.287027	0.000050
0.042174	0.289039	0.000050
0.041388	0.291050	0.000050
0.040690	0.293062	0.000050
0.040076	0.295074	0.000050
0.039544	0.297085	0.000050
0.039090	0.299097	0.000050
0.038713	0.301108	0.000050
0.038412	0.303120	0.000050
0.038184	0.305131	0.000050
0.038030	0.307143	0.000050
0.037949	0.309155	0.000050
0.037935	0.310412	0.000050
0.037946	0.311166	0.000050
0.038082	0.313178	0.000050
0.038375	0.315189	0.000050
0.038832	0.317201	0.000050
0.039461	0.319213	0.000050
0.040259	0.321224	0.000050
0.041081	0.323236	0.000050
0.041891	0.325247	0.000050
0.042690	0.327259	0.000050
0.043477	0.329270	0.000050
0.044254	0.331282	0.000050
0.045023	0.333294	0.000100
0.045779	0.335305	0.000300
0.046532	0.337317	0.000950
0.047290	0.339328	0.001000
0.048039	0.341340	0.001000
0.048780	0.343351	0.001000
0.049510	0.345363	0.001050
0.050233	0.347375	0.001050
0.050947	0.349386	0.001100
0.051655	0.351398	0.001100
0.052352	0.353409	0.001150
0.053045	0.355421	0.001150
0.053728	0.357432	0.001200
0.054407	0.359444	0.001200
0.055079	0.361456	0.001200
0.055741	0.363467	0.001250
0.056400	0.365479	0.001250
0.057049	0.367490	0.001300
0.057696	0.369502	0.001300
0.058337	0.371514	0.001300
0.058968	0.373525	0.001350
0.059598	0.375537	0.001350
0.060222	0.377548	0.001350
0.060837	0.379560	0.001400
0.061450	0.381571	0.001400
0.062054	0.383583	0.001450
0.062657	0.385595	0.001450
0.063256	0.387606	0.001450
0.063845	0.389618	0.001500
0.064434	0.391629	0.001500
0.065018	0.393641	0.001500
0.065593	0.395652	0.001550
0.066168	0.397664	0.001550
0.066739	0.399676	0.001550
0.067301	0.401687	0.001600
0.067863	0.403699	0.001600
0.068417	0.405710	0.001650
0.068971	0.407722	0.001650
0.069521	0.409733	0.001650
0.070062	0.411745	0.001700
0.070605	0.413757	0.001700
0.071144	0.415768	0.001700
0.071674	0.417780	0.001750
0.072209	0.419791	0.001750
0.072739	0.421803	0.001750
0.073261	0.423815	0.001800
0.073785	0.425826	0.001800
0.074305	0.427838	0.001800
0.074822	0.429849	0.001800
0.075330	0.431861	0.001850
0.075841	0.433872	0.001850
0.076347	0.435884	0.001850
0.076846	0.437896	0.001900
0.077347	0.439907	0.001900
0.077844	0.441919	0.001900
0.078333	0.443930	0.001950
0.078824	0.445942	0.001950
0.079312	0.447953	0.001950
0.079792	0.449965	0.002000
0.080274	0.451977	0.002000
0.080754	0.453988	0.002000
0.081231	0.456000	0.002000
0.081699	0.458011	0.002050
0.082172	0.460023	0.002050
