0.05140435406279468 0.0
0.05140435406279468 0.0022458417330641295
0.05140435406279468 0.004491683466128259
0.05140435406279468 0.0067375251991923886
0.05140435406279468 0.008983366932256518
0.05140435406279468 0.011229208665320647
0.05140435406279468 0.013475050398384777
0.05140435406279468 0.015720892131448908
0.05140435406279468 0.017966733864513036
0.05140435406279468 0.020212575597577165
0.05140435406279468 0.022458417330641293
0.05140435406279468 0.024704259063705426
0.05140435406279468 0.026950100796769554
0.05140435406279468 0.029195942529833683
0.05140435406279468 0.031441784262897815
0.05140435406279468 0.033687625995961944
0.05140435406279468 0.03593346772902607
0.05140435406279468 0.0381793094620902
0.05140435406279468 0.04042515119515433
0.05140435406279468 0.04267099292821846
0.05140435406279468 0.04491683466128259
0.05140435406279468 0.04716267639434672
0.05140435406279468 0.04940851812741085
0.05140435406279468 0.05165435986047498
0.05140435406279468 0.05390020159353911
0.05140435406279468 0.05614604332660324
0.05140435406279468 0.058391885059667366
0.05140435406279468 0.060637726792731494
0.05140435406279468 0.06288356852579563
0.05140435406279468 0.06512941025885975
0.05140435406279468 0.06737525199192389
0.05140435406279468 0.06962109372498801
0.05140435406279468 0.07186693545805214
0.05140435406279468 0.07411277719111628
0.05140435406279468 0.0763586189241804
0.05140435406279468 0.07860446065724454
0.05140435406279468 0.08085030239030866
0.05140435406279468 0.0830961441233728
0.05140435406279468 0.08534198585643692
0.05140435406279468 0.08758782758950105
0.05140435406279468 0.08983366932256517
0.05140435406279468 0.09207951105562931
0.05140435406279468 0.09432535278869345
0.05140435406279468 0.09657119452175757
0.05140435406279468 0.0988170362548217
0.05140435406279468 0.10106287798788582
0.05140435406279468 0.10330871972094996
0.05140435406279468 0.10555456145401408
0.05140435406279468 0.10780040318707822
0.05140435406279468 0.11004624492014235
0.05140435406279468 0.11229208665320647
0.05140435406279468 0.11453792838627061
0.05140435406279468 0.11678377011933473
0.05140435406279468 0.11902961185239887
0.05140435406279468 0.12127545358546299
0.05140435406279468 0.12352129531852712
0.05140435406279468 0.12576713705159126
0.05140435406279468 0.1280129787846554
0.05140435406279468 0.1302588205177195
0.05140435406279468 0.13250466225078364
0.05140435406279468 0.13475050398384777
0.05140435406279468 0.1369963457169119
0.05140435406279468 0.13924218744997602
0.05140435406279468 0.14148802918304015
0.05140435406279468 0.1437338709161043
0.05140435406279468 0.14597971264916842
0.05140435406279468 0.14822555438223256
0.05140435406279468 0.15047139611529667
0.05140435406279468 0.1527172378483608
0.05140435406279468 0.15496307958142494
0.05140435406279468 0.15720892131448908
0.05140435406279468 0.15945476304755318
0.05140435406279468 0.16170060478061732
0.05140435406279468 0.16394644651368145
0.05140435406279468 0.1661922882467456
0.05140435406279468 0.16843812997980973
0.05140435406279468 0.17068397171287383
0.05140435406279468 0.17292981344593797
0.05140435406279468 0.1751756551790021
0.05140435406279468 0.17742149691206624
0.05140435406279468 0.17966733864513035
0.05140435406279468 0.18191318037819448
0.05140435406279468 0.18415902211125862
0.05140435406279468 0.18640486384432275
0.05140435406279468 0.1886507055773869
0.05140435406279468 0.190896547310451
0.05140435406279468 0.19314238904351513
0.05140435406279468 0.19538823077657927
0.05140435406279468 0.1976340725096434
0.05140435406279468 0.19987991424270754
0.05140435406279468 0.20212575597577165
0.05140435406279468 0.20437159770883578
0.05140435406279468 0.20661743944189992
0.05140435406279468 0.20886328117496405
0.05140435406279468 0.21110912290802816
0.05140435406279468 0.2133549646410923
0.05140435406279468 0.21560080637415643
0.05140435406279468 0.21784664810722057
0.05140435406279468 0.2200924898402847
0.05140435406279468 0.22233833157334884
0.05138417736029969 0.22425570514458254
0.051323620420682774 0.22617307871581624
0.05122260256881659 0.22809045228704994
0.05108098874759855 0.23000782585828367
0.05089858861028795 0.23192519942951736
0.05067515522983788 0.23384257300075106
0.05041038340460186 0.23575994657198476
0.05010390753289826 0.23767732014321846
0.04975529902120245 0.23959469371445216
0.049364063181950475 0.24151206728568586
0.04892963556677243 0.2434294408569196
0.0484513776690473 0.2453468144281533
0.04792857191551856 0.247264187999387
0.0473604158497325 0.24918156157062069
0.04674601538950945 0.2510989351418544
0.046084377015557766 0.2530163087130881
0.04537439871743273 0.2549336822843218
0.04461485948467673 0.2568510558555555
0.043804407082972376 0.2587684294267892
0.04294154379458592 0.2606858029980229
0.042024609725358146 0.2626031765692566
0.0410517631816802 0.2645205501404903
0.04002095749294638 0.26643792371172403
0.03892991348770842 0.2683552972829577
0.03777608661082018 0.27027267085419143
0.03655662737379197 0.2721900444254251
0.035268333431773276 0.27410741799665883
0.0339281728996937 0.27602479156789256
0.0325856134715518 0.27794216513912623
0.031243054043409883 0.27985953871035996
0.029900494615267975 0.28177691228159363
0.02855793518712606 0.28369428585282735
0.02723862975910891 0.2856116594240611
0.0260820824144276 0.28752903299529475
0.025093857966445678 0.2894464065665284
0.02425761187386245 0.29136378013776215
0.02356113555223687 0.2932811537089959
0.0229952446307925 0.29519852728022955
0.02255306298373743 0.2971159008514633
0.02222955130098199 0.299033274422697
0.022021195443268263 0.3009506479939307
0.021925805588257068 0.30286802156516435
0.021918890219970517 0.303542323999234
0.02196932844442321 0.3047853951363981
0.022247917225039056 0.3067027687076318
0.022783499549696936 0.3086201422788655
0.023606279905340317 0.3105375158500992
0.02477193077913748 0.3124548894213329
0.026051155135028477 0.3143722629925666
0.027234615505969666 0.3162896365638003
0.02834105783315676 0.318207010135034
0.02938380916465341 0.3201243837062677
0.030372745996259963 0.3220417572775014
0.03131542888498419 0.3239591308487351
0.03221779817776185 0.32587650441996885
0.03308462207154161 0.3277938779912025
0.033919796930012666 0.32971125156243625
0.03472655536667313 0.3316286251336699
0.035507614520470396 0.33354599870490365
0.036265284281367605 0.3354633722761373
0.0370015479438145 0.33738074584737104
0.03771812341639892 0.33929811941860477
0.03841651042725542 0.34121549298983844
0.03909802745290953 0.34313286656107217
0.039763840979423065 0.34505024013230584
0.0404149889563402 0.34696761370353957
0.041052399792849734 0.34888498727477324
0.04167690788995379 0.35080236084600697
0.04228926645075434 0.3527197344172407
0.04289015813008789 0.35463710798847436
0.043480203952897714 0.35655448155970804
0.044059970833387196 0.3584718551309418
0.04462997795426059 0.3603892287021755
0.04519070221040977 0.36230660227340916
0.0457425828794691 0.3642239758446429
0.04628602564934863 0.3661413494158766
0.04682140610775358 0.3680587229871103
0.047349072778997706 0.36997609655834396
0.04786934977789609 0.37189347012957774
0.04838253913814409 0.3738108437008114
0.048888922862690656 0.3757282172720451
0.04938876473563089 0.3776455908432788
0.049882311928667794 0.37956296441451254
0.05036979642991356 0.3814803379857462
0.0508514363184695 0.3833977115569799
0.0513274369046553 0.38531508512821366
0.05179799175280067 0.38723245869944733
0.052263283601053326 0.389149832270681
0.05272348519059994 0.39106720584191473
0.053178760014971266 0.39298457941314846
0.05362926299864794 0.39490195298438213
0.05407514111295296 0.39681932655561586
0.054516533936172284 0.3987367001268496
0.054953574163954765 0.40065407369808326
0.055386388075281734 0.40257144726931693
0.05581509595864378 0.40448882084055066
0.056239812502502075 0.4064061944117844
0.05666064715361945 0.40832356798301805
0.05707770444645115 0.4102409415542518
0.057491084306378476 0.4121583151254855
