0.0 1.8396756606828433 0.0
0.07897867834401819 1.8396756606828433 0.0
0.15795735668803637 1.8396756606828433 0.0
0.23693603503205454 1.8396756606828433 0.0
0.31591471337607274 1.8396756606828433 0.0
0.39489339172009097 1.8396756606828433 0.0
0.4738720700641091 1.8396756606828433 0.0
0.5528507484081273 1.8396756606828433 0.0
0.6318294267521455 1.8396756606828433 0.0
0.7108081050961638 1.8396756606828433 0.0
0.7897867834401819 1.8396756606828433 0.0
0.8687654617842001 1.8396756606828433 0.0
0.9477441401282182 1.8396756606828433 0.0
1.0267228184722363 1.8396756606828433 0.0
1.1057014968162546 1.8396756606828433 0.0
1.184680175160273 1.8396756606828433 0.0
1.263658853504291 1.8396756606828433 0.0
1.3426375318483093 1.8396756606828433 0.0
1.4216162101923275 1.8396756606828433 0.0
1.5005948885363456 1.8396756606828433 0.0
1.5795735668803639 1.8396756606828433 0.0
1.6585522452243822 1.8396756606828433 0.0
1.7375309235684002 1.8396756606828433 0.0
1.8165096019124185 1.8396756606828433 0.0
1.8954882802564363 1.8396756606828433 0.0
1.9744669586004546 1.8396756606828433 0.0
2.0534456369444727 1.8396756606828433 0.0
2.132424315288491 1.8396756606828433 0.0
2.2114029936325093 1.8396756606828433 0.0
2.2903816719765273 1.8396756606828433 0.0
2.369360350320546 1.8396756606828433 0.0
2.448339028664564 1.8396756606828433 0.0
2.527317707008582 1.8396756606828433 0.0
2.6062963853526004 1.8396756606828433 0.0
2.6852750636966185 1.8396756606828433 0.0
2.7642537420406366 1.8396756606828433 0.0
2.843232420384655 1.8396756606828433 0.0
2.922211098728673 1.8396756606828433 0.0
3.001189777072691 1.8396756606828433 0.0
3.0801684554167097 1.8396756606828433 0.0
3.1591471337607278 1.8396756606828433 0.0
3.238125812104746 1.8396756606828433 0.0
3.3171044904487643 1.8396756606828433 0.0
3.3960831687927824 1.8396756606828433 0.0
3.4750618471368004 1.8396756606828433 0.0
3.554040525480819 1.8396756606828433 0.0
3.633019203824837 1.8396756606828433 0.0
3.711997882168855 1.8396756606828433 0.0
3.7909765605128727 1.8396756606828433 0.0
3.869955238856891 1.8396756606828433 0.0
3.9489339172009092 1.8396756606828433 0.0
4.027912595544928 1.8396756606828433 0.0
4.106891273888945 1.8396756606828433 0.0
4.185869952232964 1.8396756606828433 0.0
4.264848630576982 1.8396756606828433 0.0
4.343827308921 1.8396756606828433 0.0
4.4228059872650185 1.8396756606828433 0.0
4.501784665609037 1.8396756606828433 0.0
4.580763343953055 1.8396756606828433 0.0
4.659742022297073 1.8396756606828433 0.0
4.738720700641092 1.8396756606828433 0.0
4.817699378985109 1.8396756606828433 0.0
4.896678057329128 1.8396756606828433 0.0
4.975656735673146 1.8396756606828433 0.0
5.054635414017164 1.8396756606828433 0.0
5.133614092361182 1.8396756606828433 0.0
5.212592770705201 1.8396756606828433 0.0
5.2915714490492185 1.8396756606828433 0.0
5.370550127393237 1.8396756606828433 0.0
5.4495288057372555 1.8396756606828433 0.0
5.528507484081273 1.8396756606828433 0.0
5.607486162425292 1.8396756606828433 0.0
5.68646484076931 1.8396756606828433 0.0
5.765443519113328 1.8396756606828433 0.0
5.844422197457346 1.8396756606828433 0.0
5.923400875801365 1.8396756606828433 0.0
6.002379554145382 1.8396756606828433 0.0
6.081358232489401 1.8396756606828433 0.0
6.160336910833419 1.8396756606828433 0.0
6.239315589177437 1.8396756606828433 0.0
6.3182942675214555 1.8396756606828433 0.0
6.397272945865474 1.8396756606828433 0.0
6.476251624209492 1.8396756606828433 0.0
6.55523030255351 1.8396756606828433 0.0
6.634208980897529 1.8396756606828433 0.0
6.713187659241546 1.8396756606828433 0.0
6.792166337585565 1.8396756606828433 0.0
6.871145015929583 1.8396756606828433 0.0
6.950123694273601 1.8396756606828433 0.0
7.029102372617619 1.8396756606828433 0.0
7.108081050961638 1.8396756606828433 0.0
7.1870597293056555 1.8396756606828433 0.0
7.266038407649674 1.8396756606828433 0.0
7.3450170859936925 1.8396756606828433 0.0
7.42399576433771 1.8396756606828433 0.0
7.502974442681729 1.8396756606828433 0.0
7.581953121025745 1.8396756606828433 0.0
7.660931799369764 1.8396756606828433 0.0
7.739910477713782 1.8396756606828433 0.0
7.8188891560578 1.8396756606828433 0.0
7.870876989799157 1.839205610458751 0.0
7.922864823540514 1.837794998405985 0.0
7.974852657281871 1.835442438115757 0.0
8.02684049102323 1.832145611322967 0.0
8.078828324764586 1.8279012564388095 0.0
8.130816158505942 1.8227051523110342 0.0
8.1828039922473 1.8165520970218296 0.0
8.234791825988657 1.8094358814721938 0.0
8.286779659730014 1.8013492574351466 0.0
8.338767493471371 1.792283899686641 0.0
8.390755327212728 1.7822303617407445 0.0
8.442743160954084 1.7711780246224658 0.0
8.494730994695441 1.7591150380049543 0.0
8.546718828436799 1.7460282529146507 0.0
8.598706662178156 1.7319031450646398 0.0
8.650694495919513 1.716723727708373 0.0
8.70268232966087 1.700472452707526 0.0
8.754670163402228 1.6831300982720718 0.0
8.806657997143583 1.6646756415489092 0.0
8.858645830884942 1.6450861138967179 0.0
8.910633664626298 1.6243364362750747 0.0
8.962621498367655 1.6023992316775764 0.0
9.014609332109012 1.5792446109288076 0.0
9.06659716585037 1.5548399274139943 0.0
9.118584999591725 1.5291494953793097 0.0
9.170572833333082 1.5021342652793392 0.0
9.222560667074442 1.4737514481887632 0.0
9.274548500815797 1.4439540794476675 0.0
9.326536334557154 1.4126905093523454 0.0
9.378524168298512 1.3799038056698527 0.0
9.430512002039869 1.3455310488159282 0.0
9.482499835781226 1.3095690870228764 0.0
9.534487669522584 1.273166813941985 0.0
9.586475503263939 1.2367645408610939 0.0
9.638463337005296 1.2003622677802026 0.0
9.690451170746654 1.163959994699311 0.0
9.742439004488011 1.12755772161842 0.0
9.794426838229366 1.0912018731833306 0.0
9.846414671970724 1.0572006495632438 0.0
9.898402505712081 1.0266079387412665 0.0
9.950390339453438 0.9991535328525499 0.0
10.002378173194797 0.974618804118697 0.0
10.054366006936153 0.9528252787734476 0.0
10.10635384067751 0.9336264521790847 0.0
10.158341674418867 0.9169018089655594 0.0
10.210329508160225 0.9025523869669845 0.0
10.262317341901582 0.8904974511292677 0.0
10.314305175642938 0.8806719862316261 0.0
10.366293009384295 0.8730248096065976 0.0
10.418280843125652 0.8675171666392401 0.0
10.470268676867011 0.8641217142228352 0.0
10.522256510608369 0.862821827594021 0.0
10.528605937287255 0.8628062522696516 0.0
10.574244344349724 0.8645330478415425 0.0
10.626232178091081 0.8707487456236073 0.0
10.678220011832439 0.8816308191665417 0.0
10.730207845573796 0.8974467853708279 0.0
10.782195679315151 0.9186235583321947 0.0
10.834183513056509 0.9458144758328096 0.0
10.886171346797866 0.979733671846179 0.0
10.938159180539223 1.0132939332843993 0.0
10.990147014280579 1.0437460267607745 0.0
11.042134848021936 1.0718208039700268 0.0
11.094122681763293 1.0980009458948747 0.0
11.14611051550465 1.1226250156625004 0.0
11.198098349246006 1.145941349741716 0.0
11.250086182987365 1.1681385135728206 0.0
11.302074016728723 1.1893636908988532 0.0
11.35406185047008 1.2097343812484778 0.0
11.406049684211437 1.2293461610936287 0.0
11.458037517952793 1.2482780159130202 0.0
11.51002535169415 1.2665961123983225 0.0
11.562013185435507 1.2843565347310548 0.0
11.614001019176865 1.3016073127739687 0.0
11.66598885291822 1.31838995403165 0.0
11.71797668665958 1.3347406201662033 0.0
11.769964520400936 1.3506910439513353 0.0
11.821952354142294 1.366269253401575 0.0
11.873940187883651 1.381500150435512 0.0
11.925928021625007 1.3964059782701117 0.0
11.977915855366364 1.411006702629773 0.0
12.029903689107721 1.4253203254328686 0.0
12.081891522849078 1.4393631450225746 0.0
12.133879356590434 1.4531499736712932 0.0
12.185867190331791 1.466694320632151 0.0
12.237855024073149 1.480008547181821 0.0
12.289842857814506 1.493103998721065 0.0
12.341830691555861 1.505991117950696 0.0
12.393818525297219 1.5186795423345896 0.0
12.445806359038578 1.5311781884368052 0.0
12.497794192779935 1.5434953252304717 0.0
12.549782026521292 1.5556386380916711 0.0
12.601769860262648 1.567615284885244 0.0
12.653757694004005 1.5794319453051313 0.0
12.705745527745362 1.5910948644350853 0.0
12.75773336148672 1.6026098913362832 0.0
12.809721195228075 1.6139825133386496 0.0
12.861709028969434 1.6252178866064475 0.0
12.913696862710792 1.6363208634612705 0.0
12.965684696452149 1.647296016873211 0.0
