0.0 4.0 0.0
0.009334132044324518 4.0 0.0
0.018668264088649036 4.0 0.0
0.028002396132973555 4.0 0.0
0.03733652817729807 4.0 0.0
0.04667066022162259 4.0 0.0
0.05600479226594711 4.0 0.0
0.06533892431027163 4.0 0.0
0.07467305635459615 4.0 0.0
0.08400718839892067 4.0 0.0
0.09334132044324518 4.0 0.0
0.10267545248756971 4.0 0.0
0.11200958453189422 4.0 0.0
0.12134371657621874 4.0 0.0
0.13067784862054327 4.0 0.0
0.14001198066486778 4.0 0.0
0.1493461127091923 4.0 0.0
0.1586802447535168 4.0 0.0
0.16801437679784134 4.0 0.0
0.17734850884216585 4.0 0.0
0.18668264088649036 4.0 0.0
0.1960167729308149 4.0 0.0
0.20535090497513941 4.0 0.0
0.21468503701946393 4.0 0.0
0.22401916906378844 4.0 0.0
0.23335330110811295 4.0 0.0
0.2426874331524375 4.0 0.0
0.252021565196762 4.0 0.0
0.26135569724108654 4.0 0.0
0.270689829285411 4.0 0.0
0.28002396132973556 4.0 0.0
0.2893580933740601 4.0 0.0
0.2986922254183846 4.0 0.0
0.3080263574627091 4.0 0.0
0.3173604895070336 4.0 0.0
0.32669462155135814 4.0 0.0
0.3360287535956827 4.0 0.0
0.3453628856400072 4.0 0.0
0.3546970176843317 4.0 0.0
0.3640311497286562 4.0 0.0
0.37336528177298073 4.0 0.0
0.38269941381730527 4.0 0.0
0.3920335458616298 4.0 0.0
0.4013676779059543 4.0 0.0
0.41070180995027883 4.0 0.0
0.4200359419946033 4.0 0.0
0.42937007403892785 4.0 0.0
0.4387042060832524 4.0 0.0
0.4480383381275769 4.0 0.0
0.4573724701719014 4.0 0.0
0.4667066022162259 4.0 0.0
0.4760407342605505 4.0 0.0
0.485374866304875 4.0 0.0
0.49470899834919946 4.0 0.0
0.504043130393524 4.0 0.0
0.5133772624378485 4.0 0.0
0.5227113944821731 4.0 0.0
0.5320455265264975 4.0 0.0
0.541379658570822 4.0 0.0
0.5507137906151466 4.0 0.0
0.5600479226594711 4.0 0.0
0.5693820547037957 4.0 0.0
0.5787161867481202 4.0 0.0
0.5880503187924447 4.0 0.0
0.5973844508367692 4.0 0.0
0.6067185828810937 4.0 0.0
0.6160527149254182 4.0 0.0
0.6253868469697428 4.0 0.0
0.6347209790140672 4.0 0.0
0.6440551110583919 4.0 0.0
0.6533892431027163 4.0 0.0
0.6627233751470408 4.0 0.0
0.6720575071913654 4.0 0.0
0.6813916392356898 4.0 0.0
0.6907257712800144 4.0 0.0
0.7000599033243389 4.0 0.0
0.7093940353686634 4.0 0.0
0.718728167412988 4.0 0.0
0.7280622994573124 4.0 0.0
0.737396431501637 4.0 0.0
0.7467305635459615 4.0 0.0
0.756064695590286 4.0 0.0
0.7653988276346105 4.0 0.0
0.7747329596789351 4.0 0.0
0.7840670917232596 4.0 0.0
0.793401223767584 4.0 0.0
0.8027353558119086 4.0 0.0
0.8120694878562331 4.0 0.0
0.8214036199005577 4.0 0.0
0.8307377519448822 4.0 0.0
0.8400718839892066 4.0 0.0
0.8494060160335312 4.0 0.0
0.8587401480778557 4.0 0.0
0.8680742801221802 4.0 0.0
0.8774084121665048 4.0 0.0
0.8867425442108292 4.0 0.0
0.8960766762551537 4.0 0.0
0.9054108082994783 4.0 0.0
0.9147449403438028 4.0 0.0
0.9240790723881274 4.0 0.0
1.0469105361974413 3.999127608459584 0.0
1.1697420000067553 3.9965099055759152 0.0
1.2925734638160693 3.9921453049610265 0.0
1.4154049276253833 3.986031157287994 0.0
1.5382363914346973 3.978163742230653 0.0
1.6610678552440112 3.968538257099079 0.0
1.7838993190533252 3.9571488020894585 0.0
1.9067307828626392 3.943988362041963 0.0
2.0295622466719534 3.929048784573799 0.0
2.152393710481267 3.9123207544264176 0.0
2.275225174290581 3.8937937638355486 0.0
2.398056638099895 3.873456078699754 0.0
2.520888101909209 3.8512947002871174 0.0
2.6437195657185226 3.827295322179957 0.0
2.766551029527837 3.801442282113298 0.0
2.8893824933371506 3.773718508313666 0.0
3.012213957146465 3.7441054598895103 0.0
3.1350454209557785 3.7125830607623445 0.0
3.2578768847650927 3.6791296265571938 0.0
3.3807083485744065 3.6437217837908347 0.0
3.5035398123837207 3.606334380604761 0.0
3.6263712761930345 3.566940388185013 0.0
3.7492027400023487 3.525510791890328 0.0
3.8720342038116624 3.4820144709708605 0.0
3.9948656676209766 3.43641806559834 0.0
4.11769713143029 3.388685829740899 0.0
4.240528595239605 3.3387794681968197 0.0
4.363360059048919 3.2866579558448836 0.0
4.486191522858232 3.232277336867366 0.0
4.609022986667546 3.1755905013455767 0.0
4.7318544504768605 3.1165469362058107 0.0
4.854685914286175 3.055092446991204 0.0
4.977517378095488 2.9911688463345976 0.0
5.100348841904802 2.924713604286495 0.0
5.223180305714116 2.8556594547825123 0.0
5.346011769523431 2.783933951480192 0.0
5.468843233332744 2.7094589649100778 0.0
5.591674697142058 2.6321501113112733 0.0
5.714506160951372 2.551916101581178 0.0
5.8373376247606865 2.4686579963627846 0.0
5.960169088569999 2.3828802861738434 0.0
6.083000552379314 2.2968727692852284 0.0
6.205832016188627 2.2108652523966135 0.0
6.328663479997942 2.124857735507999 0.0
6.451494943807255 2.038850218619384 0.0
6.57432640761657 1.952842701730769 0.0
6.697157871425883 1.8668351848421545 0.0
6.819989335235198 1.7808276679535395 0.0
6.942820799044511 1.6991367225117247 0.0
7.065652262853826 1.629027947488165 0.0
7.188483726663139 1.5694005450274726 0.0
7.311315190472454 1.5192943908716752 0.0
7.434146654281767 1.4779918027358938 0.0
7.556978118091082 1.4449547237588038 0.0
7.679809581900395 1.4197840463124878 0.0
7.80264104570971 1.4021928430956154 0.0
7.925472509519023 1.3919888535184208 0.0
8.03647365489394 1.3890299517903755 0.0
8.048303973328338 1.3891019247392382 0.0
8.17113543713765 1.3984001063099205 0.0
8.293966900946966 1.4237447695715013 0.0
8.416798364756279 1.4664983176206376 0.0
8.539629828565594 1.5293401450894777 0.0
8.662461292374907 1.6110174021657901 0.0
8.785292756184221 1.686997589441266 0.0
8.908124219993535 1.7560403891768306 0.0
9.03095568380285 1.8197574347191887 0.0
9.153787147612164 1.8792188312822964 0.0
9.276618611421478 1.935178106867577 0.0
9.39945007523079 1.9881896184183676 0.0
9.522281539040106 2.0386752825280423 0.0
9.645113002849419 2.0869650472240275 0.0
9.767944466658735 2.1333227277617324 0.0
9.890775930468047 2.1779631983827192 0.0
10.013607394277361 2.221064232134198 0.0
10.136438858086676 2.262774894327075 0.0
10.25927032189599 2.3032216417702096 0.0
10.382101785705302 2.342512850630877 0.0
10.504933249514618 2.3807422411021566 0.0
10.62776471332393 2.4179915106246272 0.0
10.750596177133247 2.454332388355557 0.0
10.873427640942559 2.489828259156124 0.0
10.996259104751871 2.5245354624632816 0.0
11.119090568561187 2.5585043422255147 0.0
11.2419220323705 2.591780103844278 0.0
11.364753496179814 2.6244035197862674 0.0
11.487584959989128 2.656411515300835 0.0
11.610416423798442 2.6878376582397783 0.0
11.733247887607755 2.7187125714987297 0.0
11.85607935141707 2.7490642825156666 0.0
11.978910815226383 2.778918521183291 0.0
12.1017422790357 2.808298975187075 0.0
12.224573742845012 2.837227509977067 0.0
12.347405206654326 2.865724359182819 0.0
12.47023667046364 2.893808290184553 0.0
12.593068134272954 2.9214967486915926 0.0
12.715899598082267 2.9488059854920845 0.0
12.838731061891583 2.9757511679897597 0.0
12.961562525700895 3.0023464787015937 0.0
13.084393989510211 3.0286052025324213 0.0
