0.110126	0.000000	0.000000
0.110126	0.002091	0.000000
0.110126	0.004181	0.000000
0.110126	0.006272	0.000000
0.110126	0.008362	0.000000
0.110126	0.010453	0.000000
0.110126	0.012543	0.000000
0.110126	0.014634	0.000000
0.110126	0.016725	0.000000
0.110126	0.018815	0.000000
0.110126	0.020906	0.000000
0.110126	0.022996	0.000000
0.110126	0.025087	0.000000
0.110126	0.027177	0.000000
0.110126	0.029268	0.000000
0.110126	0.031359	0.000000
0.110126	0.033449	0.000000
0.110126	0.035540	0.000000
0.110126	0.037630	0.000000
0.110126	0.039721	0.000000
0.110126	0.041811	0.000000
0.110126	0.043902	0.000000
0.110126	0.045993	0.000000
0.110126	0.048083	0.000000
0.110126	0.050174	0.000000
0.110126	0.052264	0.000000
0.110126	0.054355	0.000000
0.110126	0.056445	0.000000
0.110126	0.058536	0.000000
0.110126	0.060627	0.000000
0.110126	0.062717	0.000000
0.110126	0.064808	0.000000
0.110126	0.066898	0.000000
0.110126	0.068989	0.000000
0.110126	0.071079	0.000000
0.110126	0.073170	0.000000
0.110126	0.075260	0.000000
0.110126	0.077351	0.000000
0.110126	0.079442	0.000000
0.110126	0.081532	0.000000
0.110126	0.083623	0.000000
0.110126	0.085713	0.000000
0.110126	0.087804	0.000000
0.110126	0.089894	0.000000
0.110126	0.091985	0.000000
0.110126	0.094076	0.000000
0.110126	0.096166	0.000000
0.110126	0.098257	0.000000
0.110126	0.100347	0.000000
0.110126	0.102438	0.000000
0.110126	0.104528	0.000000
0.110126	0.106619	0.000000
0.110126	0.108710	0.000000
0.110126	0.110800	0.000000
0.110126	0.112891	0.000000
0.110126	0.114981	0.000000
0.110126	0.117072	0.000000
0.110126	0.119162	0.000000
0.110126	0.121253	0.000000
0.110126	0.123344	0.000000
0.110126	0.125434	0.000000
0.110126	0.127525	0.000000
0.110126	0.129615	0.000000
0.110126	0.131706	0.000000
0.110126	0.133796	0.000000
0.110126	0.135887	0.000000
0.110126	0.137978	0.000000
0.110126	0.140068	0.000000
0.110126	0.142159	0.000000
0.110126	0.144249	0.000000
0.110126	0.146340	0.000000
0.110126	0.148430	0.000000
0.110126	0.150521	0.000000
0.110126	0.152612	0.000000
0.110126	0.154702	0.000000
0.110126	0.156793	0.000000
0.110126	0.158883	0.000000
0.110126	0.160974	0.000000
0.110126	0.163064	0.000000
0.110126	0.165155	0.000000
0.110126	0.167246	0.000000
0.110126	0.169336	0.000000
0.110126	0.171427	0.000000
0.110126	0.173517	0.000000
0.110126	0.175608	0.000000
0.110126	0.177698	0.000000
0.110126	0.179789	0.000000
0.110126	0.181880	0.000000
0.110126	0.183970	0.000000
0.110126	0.186061	0.000000
0.110126	0.188151	0.000000
0.110126	0.190242	0.000000
0.110126	0.192332	0.000000
0.110126	0.194423	0.000000
0.110126	0.196513	0.000000
0.110126	0.198604	0.000000
0.110126	0.200695	0.000000
0.110126	0.202785	0.000000
0.110126	0.204876	0.000000
0.110126	0.206966	0.000000
0.110072	0.210797	0.000000
0.109911	0.214627	0.000000
0.109642	0.218457	0.000000
0.109264	0.222287	0.000000
0.108777	0.226117	0.000000
0.108179	0.229947	0.000000
0.107469	0.233778	0.000000
0.106645	0.237608	0.000000
0.105705	0.241438	0.000000
0.104646	0.245268	0.000000
0.103466	0.249098	0.000000
0.102161	0.252928	0.000000
0.100728	0.256759	0.000000
0.099161	0.260589	0.000000
0.097457	0.264419	0.000000
0.095608	0.268249	0.000000
0.093609	0.272079	0.000000
0.091452	0.275909	0.000000
0.089128	0.279740	0.000000
0.086626	0.283570	0.000000
0.083965	0.287400	0.000000
0.081283	0.291230	0.000000
0.078601	0.295060	0.000000
0.075919	0.298891	0.000000
0.073289	0.302721	0.000000
0.070919	0.306551	0.000000
0.068807	0.310381	0.000000
0.066933	0.314211	0.000000
0.065281	0.318041	0.000000
0.063838	0.321872	0.000000
0.062592	0.325702	0.000000
0.061536	0.329532	0.000000
0.060662	0.333362	0.000000
0.059965	0.337192	0.000000
0.059440	0.341022	0.000000
0.059085	0.344853	0.000000
0.058897	0.348683	0.000000
0.058865	0.351086	0.000000
0.058889	0.352513	0.000000
0.059201	0.356343	0.000000
0.059879	0.360173	0.000000
0.060942	0.364003	0.000000
0.062422	0.367834	0.000000
0.064371	0.371664	0.000000
0.066853	0.375494	0.000000
0.069384	0.379324	0.000000
0.071736	0.383154	0.000000
0.073943	0.386985	0.000000
0.076027	0.390815	0.000000
0.078009	0.394645	0.000000
0.079900	0.398475	0.000000
0.081714	0.402305	0.000000
0.083458	0.406135	0.000000
0.085140	0.409966	0.000000
0.086766	0.413796	0.000000
0.088342	0.417626	0.000000
0.089872	0.421456	0.000000
0.091359	0.425286	0.000000
0.092808	0.429116	0.000000
0.094220	0.432947	0.000000
0.095599	0.436777	0.000000
0.096947	0.440607	0.000000
0.098265	0.444437	0.000000
0.099556	0.448267	0.000000
0.100822	0.452098	0.000000
0.102063	0.455928	0.000000
0.103281	0.459758	0.000000
0.104477	0.463588	0.000000
0.105653	0.467418	0.000000
0.106810	0.471248	0.000000
0.107947	0.475079	0.000000
0.109068	0.478909	0.000000
0.110171	0.482739	0.000000
0.111258	0.486569	0.000000
0.112329	0.490399	0.000000
0.113386	0.494229	0.000000
0.114428	0.498060	0.000000
0.115457	0.501890	0.000000
0.116472	0.505720	0.000000
0.117475	0.509550	0.000000
0.118466	0.513380	0.000000
0.119445	0.517210	0.000000
0.120412	0.521041	0.000000
0.121369	0.524871	0.000000
0.122315	0.528701	0.000000
0.123250	0.532531	0.000000
0.124176	0.536361	0.000000
0.125092	0.540192	0.000000
0.125999	0.544022	0.000000
0.126897	0.547852	0.000000
0.127786	0.551682	0.000000
0.128666	0.555512	0.000000
0.129538	0.559342	0.000000
0.130403	0.563173	0.000000
0.131259	0.567003	0.000000
0.132107	0.570833	0.000000
0.132949	0.574663	0.000000
0.133782	0.578493	0.000000
0.134609	0.582323	0.000000
0.135429	0.586154	0.000000
