2.068253897009527 0.0
2.068253897009527 0.0879786344820527
2.068253897009527 0.1759572689641054
2.068253897009527 0.26393590344615814
2.068253897009527 0.3519145379282108
2.068253897009527 0.43989317241026354
2.068253897009527 0.5278718068923163
2.068253897009527 0.615850441374369
2.068253897009527 0.7038290758564216
2.068253897009527 0.7918077103384744
2.068253897009527 0.8797863448205271
2.068253897009527 0.9677649793025799
2.068253897009527 1.0557436137846326
2.068253897009527 1.1437222482666851
2.068253897009527 1.231700882748738
2.068253897009527 1.3196795172307907
2.068253897009527 1.4076581517128433
2.068253897009527 1.495636786194896
2.068253897009527 1.5836154206769488
2.068253897009527 1.6715940551590016
2.068253897009527 1.7595726896410542
2.068253897009527 1.847551324123107
2.068253897009527 1.9355299586051598
2.068253897009527 2.0235085930872123
2.068253897009527 2.111487227569265
2.068253897009527 2.199465862051318
2.068253897009527 2.2874444965333702
2.068253897009527 2.375423131015423
2.068253897009527 2.463401765497476
2.068253897009527 2.5513803999795286
2.068253897009527 2.6393590344615814
2.068253897009527 2.7273376689436337
2.068253897009527 2.8153163034256865
2.068253897009527 2.9032949379077397
2.068253897009527 2.991273572389792
2.068253897009527 3.079252206871845
2.068253897009527 3.1672308413538977
2.068253897009527 3.25520947583595
2.068253897009527 3.3431881103180032
2.068253897009527 3.431166744800056
2.068253897009527 3.5191453792821084
2.068253897009527 3.607124013764161
2.068253897009527 3.695102648246214
2.068253897009527 3.7830812827282663
2.068253897009527 3.8710599172103195
2.068253897009527 3.9590385516923723
2.068253897009527 4.047017186174425
2.068253897009527 4.134995820656478
2.068253897009527 4.22297445513853
2.068253897009527 4.3109530896205825
2.068253897009527 4.398931724102636
2.068253897009527 4.486910358584688
2.068253897009527 4.5748889930667405
2.068253897009527 4.662867627548794
2.068253897009527 4.750846262030846
2.068253897009527 4.838824896512899
2.068253897009527 4.926803530994952
2.068253897009527 5.014782165477005
2.068253897009527 5.102760799959057
2.068253897009527 5.1907394344411095
2.068253897009527 5.278718068923163
2.068253897009527 5.366696703405215
2.068253897009527 5.454675337887267
2.068253897009527 5.542653972369321
2.068253897009527 5.630632606851373
2.068253897009527 5.718611241333425
2.068253897009527 5.8065898758154795
2.068253897009527 5.894568510297532
2.068253897009527 5.982547144779584
2.068253897009527 6.070525779261637
2.068253897009527 6.15850441374369
2.068253897009527 6.246483048225742
2.068253897009527 6.334461682707795
2.068253897009527 6.422440317189848
2.068253897009527 6.5104189516719
2.068253897009527 6.598397586153954
2.068253897009527 6.6863762206360065
2.068253897009527 6.774354855118059
2.068253897009527 6.862333489600112
2.068253897009527 6.950312124082164
2.068253897009527 7.038290758564217
2.068253897009527 7.12626939304627
2.068253897009527 7.214248027528322
2.068253897009527 7.302226662010375
2.068253897009527 7.390205296492428
2.068253897009527 7.47818393097448
2.068253897009527 7.5661625654565325
2.068253897009527 7.654141199938587
2.068253897009527 7.742119834420639
2.068253897009527 7.830098468902691
2.068253897009527 7.918077103384745
2.068253897009527 8.006055737866797
2.068253897009527 8.09403437234885
2.068253897009527 8.182013006830903
2.068253897009527 8.269991641312956
2.068253897009527 8.357970275795008
2.068253897009527 8.44594891027706
2.068253897009527 8.533927544759113
2.068253897009527 8.621906179241165
2.068253897009527 8.709884813723217
2.0674850848010045 8.784959758832404
2.0651776799622388 8.860034703941592
2.0613287717467244 8.935109649050778
2.055933488463803 9.010184594159966
2.048984966491172 9.085259539269153
2.040474306248119 9.160334484378339
2.03039051446442 9.235409429487525
2.0187204318591427 9.310484374596713
2.0054486450980993 9.3855593197059
1.9905573816207067 9.460634264815088
1.9740263856074416 9.535709209924274
1.9558327729867697 9.61078415503346
1.9359508629416522 9.685859100142649
1.9143519828533688 9.760934045251835
1.891004242992818 9.836008990361021
1.8658722765090856 9.91108393547021
1.8389169393365115 9.986158880579396
1.8100949634988237 10.061233825688584
1.7793585558721063 10.13630877079777
1.7466549326982692 10.211383715906956
1.7119257779119854 10.286458661016143
1.6751066105152115 10.361533606125331
1.6361260426126198 10.436608551234517
1.5949049050454833 10.511683496343705
1.551355211466359 10.586758441452892
1.5053789236712254 10.661833386562078
1.456866470323643 10.736908331671266
1.405694956821756 10.811983276780452
1.3531270031039782 10.887058221889639
1.3005589606078454 10.962133166998825
1.2479909181117124 11.037208112108013
1.1954228756155794 11.112283057217201
1.1428548331194466 11.187358002326388
1.091585914426975 11.262432947435574
1.0468174336001093 11.337507892544762
1.0084184886282734 11.412582837653948
0.9757918914625926 11.487657782763135
0.9484878234636307 11.562732727872321
0.9261652569681639 11.637807672981507
0.9085667988185882 11.712882618090697
0.8955019380158898 11.787957563199884
0.8868358407562776 11.86303250830907
0.8824820172429979 11.938107453418258
0.8819064248954283 11.977126992905232
0.8829602318583637 12.013182398527444
0.8919914456987271 12.08825734363663
0.9106583287008067 12.163332288745817
0.9399248065143354 12.238407233855003
0.9815855634931693 12.313482178964193
1.0323381977622765 12.38855712407338
1.0795665931603589 12.463632069182566
1.123531857145429 12.538707014291752
1.1648293431654664 12.613781959400939
1.203892764376817 12.688856904510127
1.2410496809828517 12.763931849619313
1.276554663338764 12.8390067947285
1.3106102158809436 12.91408173983769
1.3433805678016697 12.989156684946876
1.375001095077284 13.064231630056062
1.405584954902724 13.139306575165248
1.4352278788036223 13.214381520274435
1.4640117129931771 13.289456465383623
1.492007084336543 13.364531410492809
1.519275442220837 13.439606355601995
1.5458706461174678 13.514681300711182
1.571840216592824 13.589756245820368
1.597226333066388 13.664831190929558
1.6220666382935351 13.739906136038744
1.646394893452959 13.81498108114793
1.6702415164096818 13.890056026257119
1.693634027650936 13.965130971366303
1.716597422543295 14.040205916475491
1.739154484264954 14.115280861584678
1.7613260485748583 14.190355806693864
1.7831312291802626 14.265430751803054
1.8045876106407557 14.34050569691224
1.8257114143476005 14.415580642021427
1.8465176420337401 14.490655587130613
1.8670202004243046 14.5657305322398
1.887232009970735 14.640805477348987
1.907165100084522 14.715880422458174
1.9268306928642727 14.79095536756736
1.9462392769710977 14.86603031267655
1.9654006730331157 14.941105257785733
1.9843240917368286 15.016180202894923
2.003018185580619 15.091255148004109
2.0214910951155702 15.166330093113295
2.0397504903747388 15.241405038222483
2.0578036080890096 15.31647998333167
2.0756572852017308 15.391554928440856
2.0933179891223133 15.466629873550042
2.1107918450984315 15.541704818659229
2.1280846610352997 15.616779763768418
2.1452019500471504 15.691854708877605
2.162148950989142 15.766929653986791
2.1789306471864505 15.84200459909598
2.1955517835503215 15.917079544205164
2.212016882247697 15.992154489314352
2.228330257071066 16.06722943442354
2.244496026637959 16.142304379532725
